#WL
#-------
6154.23
6160.75
4730.04
5711.09
6319.24
5645.61
5684.49
5753.64
5772.15
5948.54
6125.02
6142.49
6145.02
6195.46
6237.33
6243.82
6527.21
6721.85
6741.63
4555.49
4562.63
4645.19
4675.11
4820.41
4913.62
4997.10
5016.17
5071.49
5145.47
5503.90
5648.57
5662.16
5739.48
5978.55
6064.63
6091.18
6126.22
6258.11
6261.10
6599.12
5766.33
4512.99
4814.60
4913.98
4976.33
5010.94
5094.41
5435.86
5462.50
5587.87
5589.36
5625.32
5641.88
5643.08
5694.99
5748.36
5805.22
5847.00
5996.73
6086.29
6108.12
6111.08
6119.76
6128.98
6130.14
6175.37
6176.82
6186.72
6204.61
6223.99
6230.10
6322.17
6327.60
6378.26
6598.60
6635.13
6772.32
6842.04
4952.29
5628.35
6177.25
